# Bundle file v0.3
93 6557
181.976 0 0
0.97843 -0.140215 0.151705
-0.184876 -0.922002 0.340197
0.0921717 -0.360905 -0.928037
0.497933 -4.5467 2.76276
181.976 0 0
0.978009 -0.132849 0.160779
-0.17983 -0.927604 0.327434
0.10564 -0.349146 -0.931095
0.428246 -4.3636 2.55307
181.976 0 0
0.981865 -0.117735 0.148595
-0.149493 -0.962841 0.224921
0.116592 -0.243056 -0.96298
1.156 -3.27138 1.0225
181.976 0 0
0.985652 -0.120869 0.117818
-0.142782 -0.969321 0.200074
0.0900212 -0.214025 -0.972671
1.81297 -3.05616 0.768021
181.976 0 0
0.985708 -0.12024 0.117992
-0.143405 -0.966434 0.213165
0.0884003 -0.227039 -0.969865
1.92823 -3.59923 1.04866
181.976 0 0
0.974895 -0.115218 0.190538
-0.169531 -0.938855 0.299684
0.144359 -0.324463 -0.934818
0.169373 -4.08645 2.51465
181.976 0 0
0.985324 -0.113721 0.127292
-0.141464 -0.961364 0.236151
0.0955183 -0.250692 -0.963343
1.70059 -4.06903 1.34558
181.976 0 0
0.985403 -0.12204 0.118686
-0.144148 -0.96906 0.200358
0.0905618 -0.214542 -0.972507
1.93829 -3.18861 0.772668
181.976 0 0
0.984948 -0.113708 0.130185
-0.142832 -0.959579 0.242503
0.097348 -0.257447 -0.961376
1.64991 -4.26141 1.47978
181.976 0 0
0.985763 -0.113358 0.124183
-0.140749 -0.960363 0.24061
0.0919854 -0.254663 -0.962645
1.71571 -4.2641 1.44364
181.976 0 0
0.986515 -0.115812 0.115657
-0.140443 -0.961844 0.234803
0.0840509 -0.24788 -0.965138
1.83434 -4.18038 1.33315
181.976 0 0
0.986093 -0.119147 0.115863
-0.143348 -0.962527 0.230202
0.0840931 -0.243609 -0.966221
1.8666 -4.12475 1.27921
181.976 0 0
0.985919 -0.119019 0.117462
-0.14386 -0.96179 0.232949
0.0852482 -0.246567 -0.965369
1.88918 -4.20803 1.29907
181.976 0 0
0.986886 -0.113609 0.114673
-0.138028 -0.962253 0.234558
0.0836965 -0.24731 -0.965315
1.99682 -4.30994 1.34169
181.976 0 0
0.987468 -0.108403 0.114698
-0.132934 -0.963034 0.234293
0.0850601 -0.246605 -0.965376
2.01236 -4.32734 1.33228
181.976 0 0
0.99082 -0.096429 0.0947466
-0.1139 -0.972975 0.200866
0.0728167 -0.209813 -0.975026
2.08747 -3.57083 0.876685
181.976 0 0
0.992084 -0.0940704 0.0831894
-0.107854 -0.977595 0.180766
0.0643208 -0.188307 -0.980002
2.4541 -3.06908 0.553292
181.976 0 0
0.989641 -0.100126 0.102884
-0.120864 -0.967819 0.220721
0.0774732 -0.23087 -0.969895
1.94935 -3.98666 1.13929
181.976 0 0
0.988254 -0.10566 0.110411
-0.128943 -0.964293 0.231327
0.0820262 -0.242846 -0.966591
1.98404 -4.26127 1.28158
181.976 0 0
0.993602 -0.0958914 0.0596675
-0.104807 -0.979721 0.17077
0.0420821 -0.175931 -0.983503
2.98955 -2.7751 0.285486
181.976 0 0
0.976212 -0.11239 0.185413
-0.154788 -0.960076 0.233013
0.151823 -0.25617 -0.954634
0.203509 -3.46805 2.86431
181.976 0 0
0.993916 -0.0957184 0.0544959
-0.103593 -0.980454 0.167265
0.0374204 -0.171893 -0.984405
3.13547 -2.63162 0.203147
181.976 0 0
0.994385 -0.0930974 0.0503149
-0.0999867 -0.982272 0.158567
0.0346608 -0.162708 -0.986065
3.28214 -2.47032 0.129258
181.976 0 0
0.99412 -0.0948365 0.0522727
-0.102152 -0.981478 0.162065
0.0359348 -0.166452 -0.985395
3.20116 -2.53373 0.166321
181.976 0 0
0.994664 -0.0924576 0.0457646
-0.098609 -0.982439 0.158397
0.0303159 -0.162065 -0.986314
3.41995 -2.4313 0.0928812
181.976 0 0
0.994764 -0.0957223 0.0357904
-0.100128 -0.982993 0.153942
0.0204461 -0.15672 -0.987431
3.68477 -2.3112 0.0196334
181.976 0 0
0.994742 -0.0984169 0.0283326
-0.101554 -0.983669 0.148601
0.0132451 -0.150697 -0.988491
3.91012 -2.13407 -0.0720506
181.976 0 0
0.994677 -0.0939807 0.0422481
-0.0989969 -0.985354 0.13884
0.0285811 -0.142283 -0.989413
3.64252 -1.78403 -0.0684685
181.976 0 0
0.994709 -0.0852081 0.0573818
-0.0917951 -0.98801 0.124134
0.0461166 -0.128744 -0.990605
3.17288 -1.31491 -0.0789826
181.976 0 0
0.995521 -0.0712304 0.0621675
-0.0778126 -0.990789 0.110826
0.0537007 -0.115167 -0.991894
2.78325 -0.831545 -0.245488
181.976 0 0
0.99572 -0.062546 0.0680481
-0.069122 -0.992682 0.0990142
0.0613572 -0.103294 -0.992757
2.47473 -0.387811 -0.432902
181.976 0 0
0.995434 -0.0476782 0.0826944
-0.0542412 -0.995396 0.0790232
0.078546 -0.0831478 -0.993437
1.88295 0.275398 -0.542005
181.976 0 0
0.99484 -0.0395522 0.0934315
-0.0459028 -0.996708 0.0668289
0.0904807 -0.0707728 -0.99338
1.36515 0.747714 -0.506909
181.976 0 0
0.99492 -0.0331115 0.0950625
-0.0394445 -0.997071 0.0655315
0.0926142 -0.0689484 -0.993312
1.02046 1.03578 -0.431598
181.976 0 0
0.978091 -0.133113 0.160057
-0.170423 -0.953546 0.248407
0.119555 -0.270242 -0.955341
0.427977 -3.65013 2.90725
181.976 0 0
0.995061 -0.0293101 0.0948436
-0.0356886 -0.997163 0.0662707
0.0926322 -0.0693282 -0.993284
0.886956 1.23548 -0.426924
181.976 0 0
0.995169 -0.0243316 0.0951133
-0.0308671 -0.997218 0.067856
0.0931976 -0.070464 -0.993151
0.790066 1.36289 -0.436492
181.976 0 0
0.995124 -0.0212944 0.0963036
-0.0278537 -0.997345 0.0672876
0.094615 -0.0696419 -0.993075
0.690602 1.46149 -0.454668
181.976 0 0
0.995239 -0.0170491 0.0959568
-0.023483 -0.997522 0.0663252
0.0945882 -0.0682628 -0.993173
0.637607 1.56089 -0.504892
181.976 0 0
0.99545 -0.0131381 0.0943792
-0.0193792 -0.997663 0.0655191
0.0932979 -0.06705 -0.993378
0.667573 1.6297 -0.572711
181.976 0 0
0.995792 -0.00932186 0.0911625
-0.0150836 -0.997917 0.0627195
0.0903879 -0.0638306 -0.993859
0.710338 1.69311 -0.641053
181.976 0 0
0.996092 -0.00663092 0.0880732
-0.0120507 -0.998056 0.0611488
0.0874965 -0.0619712 -0.994235
0.712113 1.76598 -0.69526
181.976 0 0
0.99639 -0.00339375 0.0848315
-0.00833892 -0.998281 0.0580079
0.0844888 -0.0585059 -0.994705
0.691325 1.86012 -0.758434
181.976 0 0
0.996665 -0.00220032 0.0815723
-0.00680608 -0.998395 0.0562273
0.0813177 -0.056595 -0.99508
0.671724 1.88567 -0.793168
181.976 0 0
0.996992 0.000525327 0.0774976
-0.00354419 -0.998622 0.0523647
0.0774183 -0.0524818 -0.995616
0.658701 1.92567 -0.842143
181.976 0 0
0.974307 -0.115385 0.19342
-0.166236 -0.947849 0.271934
0.151956 -0.297101 -0.942677
0.118034 -3.88556 2.71298
181.976 0 0
0.997301 0.00372751 0.0733298
9.01561e-05 -0.998772 0.0495436
0.0734244 -0.0494032 -0.996076
0.670934 1.9514 -0.896894
181.976 0 0
0.997502 0.00683766 0.0703113
0.00348872 -0.998858 0.0476431
0.0705568 -0.0472787 -0.996387
0.69714 1.91554 -0.914283
181.976 0 0
0.997738 0.00684477 0.0668787
0.00387097 -0.999002 0.0444944
0.0671165 -0.0441348 -0.996769
0.676671 1.82228 -0.896011
181.976 0 0
0.998047 0.00640442 0.0621411
0.00383011 -0.999133 0.0414579
0.0623527 -0.0411389 -0.997206
0.617625 1.76939 -0.927386
181.976 0 0
0.998436 0.00862997 0.0552444
0.00665146 -0.999333 0.035898
0.0555174 -0.0354743 -0.997827
0.449986 1.77653 -0.986632
181.976 0 0
0.998996 0.010478 0.0435564
0.00916186 -0.999499 0.0303078
0.0438521 -0.0298783 -0.998591
0.39636 1.74504 -1.04264
181.976 0 0
0.999242 0.0160383 0.0354702
0.015123 -0.99955 0.0259239
0.03587 -0.0253678 -0.999034
0.431591 1.78549 -1.12962
181.976 0 0
0.999364 0.0234817 0.0268196
0.0228917 -0.999494 0.0220974
0.0273249 -0.0214694 -0.999396
0.500543 1.88779 -1.26316
181.976 0 0
0.999485 0.0252952 0.019727
0.0249408 -0.999527 0.0180071
0.0201731 -0.0175059 -0.999643
0.473483 1.87508 -1.33192
181.976 0 0
0.999562 0.0263953 0.0133628
0.0262336 -0.999582 0.0121379
0.0136776 -0.011782 -0.999837
0.398551 1.82744 -1.33696
181.976 0 0
0.984217 -0.14835 0.0964822
-0.162119 -0.974444 0.155487
0.0709502 -0.168674 -0.983115
1.10239 -2.81237 2.75533
181.976 0 0
0.999677 0.0242064 0.00768172
0.0241567 -0.999687 0.00649766
0.0078366 -0.00631 -0.999949
0.299242 1.75968 -1.33563
181.976 0 0
0.999701 0.0243372 0.00235925
0.0243295 -0.999699 0.0032658
0.00243802 -0.00320743 -0.999992
0.273797 1.77328 -1.39115
181.976 0 0
0.999608 0.0276483 -0.00439367
0.0276375 -0.999615 -0.00251123
-0.00446141 0.00238881 -0.999987
0.32367 1.86039 -1.49127
181.976 0 0
0.999471 0.0295104 -0.0136394
0.0294705 -0.999561 -0.00311336
-0.0137253 0.00270975 -0.999902
0.146072 1.81409 -1.44992
181.976 0 0
0.999702 0.0236185 -0.00619282
0.0236759 -0.999676 0.0093723
-0.00596946 -0.00951613 -0.999937
-0.0791404 1.56183 -1.15371
181.976 0 0
0.999769 0.0188678 0.0102993
0.0186182 -0.999543 0.0238196
0.010744 -0.0236223 -0.999663
-0.562457 1.20255 -0.752859
181.976 0 0
0.999534 0.0293955 -0.00817602
0.0293406 -0.999547 -0.00675783
-0.00837096 0.00651479 -0.999944
0.288967 1.93019 -1.56613
181.976 0 0
0.999747 0.0196179 0.0110117
0.0192043 -0.99915 0.0364838
0.0117181 -0.0362631 -0.999274
-1.01106 0.882296 -0.580974
181.976 0 0
0.999466 0.0302484 -0.0123552
0.0301519 -0.999514 -0.00792693
-0.012589 0.00755017 -0.999892
0.231676 1.92225 -1.5573
181.976 0 0
0.99907 0.0324456 0.028389
0.0310416 -0.998337 0.0485703
0.0299177 -0.0476439 -0.998416
-1.96177 0.774553 -0.639204
181.976 0 0
0.999438 0.0267613 0.0202086
0.0257692 -0.998522 0.0478511
0.0214593 -0.0473034 -0.99865
-1.51797 0.717969 -0.583648
181.976 0 0
0.998288 0.0408535 0.0418478
0.0386539 -0.997894 0.0520874
0.0438877 -0.0503806 -0.997765
-2.63546 0.872432 -0.742408
181.976 0 0
0.997404 0.0477969 0.0538617
0.0447042 -0.99736 0.0572309
0.0564549 -0.0546745 -0.996907
-3.09069 0.84017 -0.757451
181.976 0 0
0.995922 0.0523086 0.0735087
0.0474346 -0.996654 0.0665568
0.0767443 -0.0627985 -0.995071
-3.65892 0.64584 -0.661713
181.976 0 0
0.994844 0.0549572 0.0852329
0.0488586 -0.996203 0.0720588
0.0888694 -0.0675229 -0.993752
-4.06512 0.451493 -0.566988
181.976 0 0
0.99364 0.0624434 0.0937064
0.0555314 -0.995663 0.0746418
0.0979609 -0.0689634 -0.992798
-4.46762 0.42448 -0.64508
181.976 0 0
0.993096 0.0709302 0.093431
0.0644169 -0.995396 0.0709771
0.0980352 -0.0644685 -0.993093
-4.6732 0.503794 -0.738657
181.976 0 0
0.993085 0.0750883 0.0902447
0.0686741 -0.995023 0.0721972
0.0952168 -0.0655005 -0.993299
-4.68009 0.464626 -0.694046
181.976 0 0
0.992936 0.0745952 0.0922725
0.0680518 -0.99507 0.072139
0.0971988 -0.0653501 -0.993117
-4.73656 0.419482 -0.567103
181.976 0 0
0.992018 0.0810093 0.0966302
0.0741335 -0.994592 0.0727449
0.102001 -0.0650007 -0.992658
-4.94733 0.504517 -0.562395
181.976 0 0
0.991699 0.0834926 0.0977876
0.0763157 -0.994261 0.0749717
0.103486 -0.0668866 -0.992379
-5.06846 0.496952 -0.584159
181.976 0 0
0.992567 0.077115 0.0941513
0.0704031 -0.99487 0.0726451
0.0992703 -0.0654766 -0.992904
-4.82341 0.441838 -0.517246
181.976 0 0
0.991569 0.0860518 0.096884
0.0788899 -0.994022 0.0754787
0.1028 -0.0671992 -0.99243
-5.09597 0.477228 -0.599708
181.976 0 0
0.991399 0.0920645 0.093019
0.0851531 -0.993486 0.0757268
0.0993848 -0.0671546 -0.99278
-5.04323 0.495728 -0.636969
181.976 0 0
0.991156 0.0978461 0.0896482
0.0913322 -0.99306 0.0740969
0.0962761 -0.0652538 -0.993213
-4.98992 0.603087 -0.740317
181.976 0 0
0.990764 0.0994393 0.0921883
0.0930011 -0.993082 0.0716924
0.0986795 -0.0624567 -0.993157
-5.12096 0.75108 -0.828208
181.976 0 0
0.991002 0.100311 0.0886104
0.0940729 -0.992959 0.0719857
0.0952075 -0.0630022 -0.993462
-5.01147 0.722617 -0.828983
181.976 0 0
0.990691 0.0981443 0.0943351
0.0912458 -0.993011 0.07486
0.101023 -0.0655555 -0.992722
-5.22185 0.7019 -0.78682
181.976 0 0
0.990402 0.0992692 0.0961776
0.0923653 -0.992989 0.0737644
0.102826 -0.064173 -0.992627
-5.3072 0.707232 -0.79317
181.976 0 0
0.990421 0.0958881 0.0993538
0.0886572 -0.993249 0.074811
0.105857 -0.0652859 -0.992236
-5.40886 0.713334 -0.776683
181.976 0 0
0.989141 0.0908097 0.11556
0.0825769 -0.993822 0.074148
0.121579 -0.0638002 -0.990529
-5.8495 0.70387 -0.583786
181.976 0 0
0.989833 0.0932786 0.107376
0.0856832 -0.993622 0.0733082
0.11353 -0.0633625 -0.991512
-5.62175 0.733206 -0.730649
181.976 0 0
0.987116 0.0893348 0.132743
0.0791447 -0.993635 0.0801636
0.13906 -0.0686248 -0.987903
-6.15552 0.632047 -0.452934
181.976 0 0
0.977212 0.0914461 0.191555
0.075924 -0.993322 0.0868761
0.19822 -0.0703528 -0.977629
-7.77141 0.151559 0.375632
181.976 0 0
0.984464 0.0924208 0.149297
0.0797086 -0.992836 0.0890073
0.156453 -0.0757242 -0.984778
-6.48595 0.473962 -0.331182
181.976 0 0
0.98161 0.0977679 0.163962
0.0827191 -0.991915 0.0962391
0.172046 -0.0809064 -0.981761
-7.00877 0.293767 -0.0815974
9.6277 2.46032 5.52697
209 26 30
5 85 269 166.406 -14.8706 86 725 165.185 -15.1797 87 246 163.833 -19.3616 88 701 163.616 -16.2842 89 553 165.367 -23.8098
0.090511 2.6405 8.71082
112 4 0
38 41 1523 27.3377 -4.74111 42 1509 27.9061 -4.57114 39 1503 29.5819 -8.07391 40 1523 27.5988 -5.72229 38 1406 27.6046 -7.90268 50 1323 17.3705 -8.44322 52 1359 13.3227 -9.54082 57 1406 8.93009 -14.5756 43 1315 28.4928 -5.51788 59 1120 8.36174 -14.635 44 1368 27.246 -5.05947 46 1222 27.1587 -4.92872 44 1199 27.2114 -4.98808 42 1232 29.0663 -5.57725 47 1203 27.1712 -5.74462 48 1127 26.4573 -8.17727 41 1211 30.0547 -7.08406 40 1219 30.6137 -8.15232 39 1348 30.4582 -8.84143 38 1249 30.0951 -10.0082 49 1077 24.4287 -9.71986 37 1274 31.191 -11.8836 51 1224 17.4453 -12.0242 52 1209 16.7551 -11.9824 53 1182 17.133 -10.9783 53 1355 17.1301 -11.0365 54 1322 15.4093 -11.6943 58 1339 8.52853 -15.5583 55 1202 12.6796 -13.2337 36 1214 32.9288 -13.8028 63 1167 7.5764 -14.2394 65 1182 6.02583 -14.7296 60 1108 3.98706 -15.7109 35 1028 34.3988 -16.3785 33 985 36.6359 -20.7853 61 712 0.38475 -18.3558 32 778 41.8377 -25.405 62 862 -8.15492 -21.9779
-0.215939 -3.43823 9.69523
72 0 0
4 9 1071 80.2308 36.6978 12 747 80.8297 35.1773 13 227 83.3718 32.5303 6 164 79.2462 39.3574
4.76635 0.828887 6.06968
214 78 59
5 82 153 6.97976 22.6961 83 170 9.16684 21.8812 84 728 4.32585 21.3286 85 141 2.59672 22.517 88 147 -5.23124 22.567
-1.57571 -4.71007 7.97743
230 89 79
11 21 58 67.7586 90.7218 25 37 73.96 92.5281 19 43 65.8763 89.0593 13 91 63.5952 79.8599 18 71 58.1611 78.7163 12 95 63.0932 82.3999 11 82 59.7335 84.3823 9 99 58.0628 85.3238 8 81 58.7038 86.5254 16 23 56.4028 87.1228 4 50 58.9463 89.6455
6.07647 5.59838 6.79097
248 141 118
7 49 903 171.777 -86.19 50 852 165.372 -85.6877 51 856 160.243 -85.1363 52 474 157.261 -81.2266 54 937 154.188 -74.9755 48 506 173.911 -84.2655 57 968 149.313 -80.9772
-5.86419 -3.97508 6.04048
226 116 103
8 13 664 -120.19 79.9692 14 692 -120.165 77.0512 18 644 -121.658 77.2347 10 1020 -126.16 85.2724 9 692 -133.401 85.5554 17 509 -121.165 80.3981 6 531 -129.721 90.8198 8 109 -136.271 87.0821
5.78612 -0.165323 4.60913
254 216 182
10 74 1010 57.2602 52.9466 77 652 44.5579 58.8403 73 949 57.8551 53.0333 75 1231 57.0245 52.8177 73 1155 57.8532 53.0396 81 1041 42.3279 61.0809 82 1177 37.7424 66.6092 84 1187 35.8273 66.0638 85 1108 32.4695 66.5433 86 1095 29.0363 66.4595
-1.79476 -4.83477 8.4556
138 20 1
23 25 803 64.5243 93.2442 26 765 67.9467 95.679 24 936 60.218 92.549 22 978 58.0021 92.068 23 1012 57.1484 91.5456 21 988 56.2136 92.3924 19 884 54.6108 89.7269 13 1223 54.8828 81.816 14 1194 54.2796 80.3486 18 1201 50.7705 79.1308 12 1246 52.7771 85.1074 11 1246 51.3343 86.7048 10 1215 50.6406 85.6688 10 1217 51.0003 84.5808 9 1225 49.7202 87.1761 8 1234 49.4424 88.2776 17 932 44.7054 82.825 17 935 45.2282 81.7018 7 870 48.5558 95.2484 15 631 44.1857 85.0551 16 532 48.3353 89.0781 4 829 50.7684 90.8162 3 839 45.2039 97.2711
-6.41997 -3.92942 9.82269
122 49 37
6 67 1236 -139.445 87.9174 64 1055 -127.911 88.2228 66 1087 -145.985 88.0752 68 1097 -150.72 86.6865 69 1223 -157.135 85.7172 70 1044 -158.445 81.5062
0.576346 2.2684 9.24778
243 109 90
18 9 1470 72.3314 -97.5618 10 1469 72.0623 -95.6498 11 1521 72.1158 -94.6905 12 1517 73.1657 -96.1312 13 1491 75.762 -98.0784 14 1454 76.5673 -98.6805 18 1459 75.5986 -98.3572 8 1491 72.661 -97.3467 17 1170 71.1726 -92.4408 6 1196 72.2051 -92.7564 15 1001 71.3936 -84.9959 16 879 73.2244 -75.3694 19 1315 77.6922 -69.0269 3 1081 66.6603 -73.2427 7 1352 70.5205 -75.9412 4 1096 69.102 -85.7498 20 924 60.1918 -101.317 5 636 61.7284 -96.0568
3.64716 4.01519 7.6925
199 87 63
4 24 537 159.359 -125.037 25 459 161.948 -122.21 23 544 155.376 -127.778 21 586 156.594 -129.825
-2.21832 -0.634323 9.63829
252 109 91
5 12 396 21.0597 -23.9185 19 295 27.9244 -5.26358 11 398 20.01 -21.9278 21 344 29.4009 -3.33388 3 182 17.3437 -3.8861
-0.953023 3.79992 5.81908
187 77 64
6 74 505 -130.411 -79.0831 75 884 -133.011 -82.2668 78 515 -135.139 -82.3047 76 478 -137.046 -80.0719 77 488 -138.547 -78.9652 83 493 -130.346 -70.1104
-1.64525 -1.72844 10.858
93 5 1
14 8 1467 34.2537 6.03825 9 1452 33.9749 5.07262 10 1457 33.6137 6.03471 11 1497 34.9271 5.31235 12 1506 35.834 4.3266 13 1480 37.2565 2.58384 14 1444 37.2192 2.1765 18 1448 35.5982 2.50848 17 1157 32.152 6.05448 6 1177 34.8086 9.37446 45 1259 19.9419 23.9365 20 896 19.8905 25.1838 5 616 21.2057 23.4734 2 762 27.1941 22.3796
-4.31834 -1.21479 6.17041
57 2 1
5 47 678 -78.2658 84.312 48 622 -79.7282 81.4936 52 579 -90.6863 74.9198 58 688 -98.9025 71.1908 63 703 -97.6411 71.2808
6.42846 4.82994 5.86817
213 90 65
3 80 546 68.6317 -98.1143 84 550 62.8553 -88.9009 85 486 61.2859 -88.8259
-4.45247 0.519643 7.61766
255 81 66
9 13 499 -44.0095 -67.8748 18 464 -45.4313 -67.2399 11 912 -47.3195 -61.5399 12 497 -46.9623 -63.8925 14 500 -43.2987 -68.5051 10 1157 -48.4936 -62.8158 8 918 -50.7093 -64.647 9 908 -49.8058 -65.1643 17 704 -47.3204 -60.9954
-3.81387 -1.83258 9.04084
218 69 65
8 12 317 -14.9265 5.12438 14 800 -12.701 1.45337 18 767 -14.7579 1.88541 10 307 -17.0335 6.30202 9 805 -18.1956 5.15667 8 330 -18.5606 6.5587 17 627 -17.3494 5.66692 6 622 -17.0712 9.25819
4.9839 -0.489454 3.99479
252 175 137
10 75 987 25.4896 70.2619 76 964 14.6378 75.8202 80 999 10.1852 76.3145 73 941 27.2135 69.7617 74 995 26.1932 69.5235 77 974 9.54963 75.95 79 956 8.53326 75.0078 83 604 10.1468 82.5372 81 663 11.7714 79.2867 82 969 5.22318 83.6461
9.93175 1.94048 6.18307
185 28 23
10 82 233 162.537 5.89368 85 199 160.523 4.8129 86 694 159.466 4.28694 87 574 157.728 1.76849 88 672 157.904 3.42983 89 509 158.736 -1.01842 83 243 164.09 6.00071 84 241 161.763 4.59967 81 292 166.897 2.2864 91 502 160.603 -5.93332
-1.92694 3.58475 3.56539
226 26 15
11 46 551 -37.3947 -54.917 47 537 -36.1036 -56.8737 41 996 -35.6187 -61.3496 44 591 -38.2426 -56.5823 39 987 -38.277 -67.6674 57 967 -55.9401 -67.9015 42 1286 -36.8505 -58.3663 59 919 -55.0236 -64.3213 58 954 -57.6348 -67.4606 63 532 -55.1764 -62.4524 65 540 -58.0576 -62.9455
-4.0754 -3.1342 7.21345
236 107 93
3 8 233 -38.155 38.7706 6 152 -36.8755 43.0085 9 248 -37.5519 37.6949
1.21365 -0.763125 4.06896
214 89 71
3 47 644 81.1918 107.19 52 940 62.4424 95.3788 46 675 83.6672 110.148
9.42319 0.593689 7.38733
110 17 2
15 77 111 131.363 31.8473 80 114 129.75 33.6086 81 751 128.184 35.9569 82 1011 123.961 38.9846 83 673 125.454 38.3069 84 705 123.676 38.4259 79 106 130.223 32.1975 85 631 121.706 38.0254 86 629 120.491 37.8253 88 615 118.479 37.8355 87 784 117.746 38.3335 89 687 116.94 39.0619 91 812 115.238 38.2731 92 708 110.224 37.4133 90 561 105.587 33.0309
-5.75201 -3.8567 6.33015
177 44 39
6 12 679 -107.624 75.2153 13 681 -106.778 70.8381 14 132 -106.797 69.0848 18 104 -108.191 69.7859 17 104 -108.39 73.7373 7 75 -88.8662 94.1586
1.35144 4.14065 4.7846
222 42 21
5 79 1135 -97.1824 -104.795 82 1268 -93.2583 -92.5813 77 923 -97.1941 -105.454 84 935 -97.3764 -93.9781 85 1061 -99.2475 -93.5632
-6.2473 -3.02719 4.84036
207 87 68
4 22 117 -99.8401 79.2981 24 106 -95.3176 79.5271 23 656 -104.214 78.5849 21 121 -107.281 76.1738
-5.44365 -4.44112 9.49304
147 48 41
3 14 105 -45.3981 73.1878 9 123 -50.2996 78.4728 8 100 -51.3103 79.857
-0.236074 3.22545 5.95034
140 63 53
6 75 472 -113.79 -64.9412 77 433 -121.013 -61.2858 80 453 -119.273 -61.2528 79 449 -120.361 -61.747 78 907 -115.508 -64.4436 86 410 -124.133 -54.2082
-6.3633 -2.6708 5.00835
212 72 54
5 26 1153 -77.2698 71.6577 24 1381 -96.2302 63.9637 22 1426 -100.623 62.8329 23 1482 -105.049 62.2545 21 1421 -107.548 60.4243
-2.63309 -0.31688 9.33484
88 11 8
44 40 192 -19.5983 46.8492 41 188 -19.9394 47.4402 42 203 -20.6948 48.3313 48 150 -23.7493 44.6478 39 180 -19.2439 46.7887 38 138 -19.922 46.2307 37 662 -19.0611 45.077 52 637 -32.5347 40.2291 59 159 -41.0032 35.4764 53 182 -33.0136 39.9346 54 164 -33.9891 39.1952 58 170 -40.9312 35.0341 55 134 -36.9082 37.5125 36 624 -17.7941 43.591 63 190 -41.9947 35.5159 65 173 -43.1336 35.2441 61 455 -49.2773 33.5062 64 466 -65.4386 27.5823 63 1113 -39.8421 35.8597 65 1124 -41.5933 35.6754 67 555 -72.492 26.2748 54 693 -33.1337 39.5241 68 447 -86.401 28.7869 37 1031 -16.2185 45.808 38 1014 -17.2727 46.9159 41 1133 -17.0087 48.1637 70 71 -101.625 26.1368 70 407 -99.8671 26.5362 71 440 -104.825 24.2215 74 143 -117.528 21.7567 75 145 -119.57 21.3947 75 710 -115.501 22.4383 78 126 -120.687 22.1839 78 717 -117.277 22.8475 76 135 -122.448 23.2628 76 656 -118.734 23.7763 77 714 -120.52 24.05 79 137 -124.317 22.2722 83 163 -121.769 25.2908 84 165 -122.261 26.3144 85 654 -123.069 26.5282 86 131 -125.044 26.5237 17 673 6.82432 -29.983 15 528 7.78202 -25.511
-5.16874 -2.89843 6.85377
251 97 87
5 12 251 -73.668 32.7435 9 260 -81.8763 34.0979 13 235 -72.6907 28.7327 14 230 -72.4696 27.297 18 208 -74.3035 28.5542
2.35396 4.55987 4.97822
254 82 61
7 76 925 -57.1454 -115.73 78 1000 -55.1293 -117.912 80 961 -60.29 -111.346 79 919 -61.6756 -113.465 84 953 -62.9726 -101.357 85 868 -63.7753 -101.086 86 861 -65.6659 -101.511
-6.17824 -1.80944 6.01997
244 19 13
3 10 1462 -134.35 -7.59656 8 1485 -140.762 -6.92103 6 1192 -135.632 -0.650177
4.32436 0.426936 4.72869
241 148 121
3 76 1000 -6.46485 27.9895 82 1006 -12.2985 38.3751 84 699 -16.3079 36.3814
1.84353 3.81953 7.97204
210 97 74
3 24 533 115.069 -111.696 25 455 117.579 -108.515 23 540 112.084 -113.984
7.43564 4.00929 6.08871
249 101 87
3 68 307 140.846 -68.1519 69 404 133.242 -67.871 71 322 119.309 -80.647
-1.42328 -0.765741 9.77203
195 3 2
8 12 845 38.7619 -22.5554 14 837 41.3234 -24.9084 11 393 36.8022 -20.7858 13 818 41.3311 -24.7798 10 823 37.2378 -21.7794 8 848 37.0348 -21.7175 17 848 36.5959 -20.3291 15 694 35.4213 -14.8669
-7.5013 -2.90333 4.65409
170 60 42
4 29 291 -152.864 116.282 30 310 -153.47 120.092 28 655 -150.627 110.666 27 833 -136.541 99.856
-6.28662 -5.04662 9.75045
123 62 62
18 37 957 -79.595 126.456 38 929 -80.6612 126.738 39 1054 -79.8908 126.704 40 664 -78.8016 126.596 41 1068 -79.1395 126.374 42 693 -79.1278 126.471 43 1077 -80.3281 126.326 44 1075 -80.9019 125.701 35 748 -76.0757 124.546 46 1102 -81.1095 125.534 47 1064 -81.2295 125.146 49 1165 -85.6099 123.954 59 996 -100.651 110.058 63 1055 -100.838 110.384 58 1033 -100.997 109.955 33 914 -73.2928 121.961 51 1153 -93.9371 120.477 65 1278 -102.86 110.919
5.27753 1.35719 8.83238
122 17 1
3 87 555 10.6502 9.18651 89 492 7.48973 8.72667 91 483 3.31124 7.35076
2.69713 3.76163 9.04529
95 3 0
22 42 954 78.2909 -25.7601 43 944 77.5938 -25.504 46 958 76.3516 -24.7899 47 929 76.0991 -25.7732 39 1219 80.4583 -29.9338 48 843 75.9192 -27.8451 50 775 69.2015 -29.7764 51 783 66.3691 -30.5971 54 855 61.8887 -29.5114 43 1326 73.5441 -25.5445 44 1223 73.3678 -25.3066 46 1245 71.1298 -24.7218 47 1223 71.0335 -25.6147 38 1114 76.3196 -31.5589 48 1142 70.5512 -27.5719 55 1048 57.3183 -30.7836 60 737 50.3697 -32.5459 35 1033 81.9247 -38.8908 33 995 84.753 -43.1838 61 565 48.1037 -36.2693 32 787 90.2444 -48.6581 30 678 105.345 -65.8511
-5.43423 -3.75417 5.53964
186 84 64
3 10 146 -125.745 76.4593 12 136 -120.064 75.5913 6 93 -129.119 82.0589
1.71384 -0.166798 5.54286
244 78 62
8 76 92 -83.3811 36.7444 84 688 -87.5013 42.8548 77 682 -89.4581 37.4454 79 677 -87.7737 36.4871 79 89 -89.8428 36.967 80 98 -88.0464 37.8005 80 664 -86.7248 37.5933 86 85 -94.7692 43.3239
-4.32874 0.399458 6.79994
203 8 5
7 12 514 -51.8169 -75.7796 14 533 -48.6951 -80.9478 18 486 -50.1771 -79.2701 11 932 -52.6969 -73.2405 10 913 -54.3623 -75.0597 9 1178 -56.8649 -78.0289 8 558 -57.5519 -78.7776
5.44251 -0.281191 4.54809
238 169 136
17 72 734 53.2524 53.4535 75 1004 43.0992 55.911 76 1174 36.0862 61.656 80 1221 28.7594 62.3614 78 1249 40.8864 58.6753 73 1152 44.6393 55.9021 74 1007 43.3252 55.7524 75 1227 43.2557 55.8959 77 1211 30.5393 62.0305 79 1173 28.6831 61.3615 81 1039 28.9761 65.974 83 1170 27.926 69.5417 82 980 24.8287 70.4241 85 916 17.7806 69.8049 86 1093 14.3884 70.2039 88 1062 8.74995 72.1006 87 766 3.72082 74.2126
-4.16688 -0.0477542 8.02153
204 38 27
6 13 463 -31.674 -48.9094 10 441 -36.3779 -44.6527 9 472 -38.093 -46.1519 8 886 -38.7012 -45.6726 17 341 -34.963 -43.4538 6 694 -37.4381 -42.4755
7.4687 3.48661 8.56396
165 61 36
14 74 1110 79.0783 -39.437 75 1117 79.1337 -40.6337 76 1093 75.9237 -38.2509 78 1151 78.107 -40.1201 80 1124 73.4273 -35.9761 77 1106 73.6382 -37.9937 81 1308 74.3435 -31.5901 82 816 70.4918 -29.2545 86 758 66.4492 -30.5334 88 965 63.7183 -30.6482 87 860 60.4828 -32.267 89 765 59.4975 -34.408 91 843 57.5184 -37.5026 92 667 50.6755 -42.1176
-1.48591 1.59028 8.55923
234 96 81
15 25 714 49.3232 -50.527 26 326 51.3808 -47.0307 24 417 45.4051 -52.098 22 850 44.204 -53.4875 23 888 43.2428 -53.9219 19 766 41.0826 -58.0468 13 1182 32.8053 -88.7422 14 1158 33.227 -89.2822 18 1154 31.2798 -87.7133 12 1200 30.2044 -86.1344 11 1195 29.0776 -84.6638 10 928 28.5276 -85.2931 9 1181 28.2426 -87.104 8 964 27.6014 -87.0912 2 403 18.1719 -62.4735
-5.48956 -4.3408 10.4427
137 36 23
6 9 148 -43.2688 72.3319 10 133 -42.1161 72.8883 18 97 -39.9859 68.026 17 100 -42.6566 70.1119 8 128 -43.5674 72.6018 6 97 -42.4081 73.1938
-5.92144 -3.09553 4.84699
216 106 84
5 24 100 -81.5629 80.96 23 652 -90.3797 79.7362 21 683 -93.8659 77.9771 19 571 -99.7295 74.5254 7 630 -141.43 79.1147
-3.16436 1.29762 6.47012
240 239 191
5 10 1460 -23.3862 -112.876 12 1510 -20.8272 -114.456 8 1483 -25.1536 -120.19 17 1172 -20.8283 -109.638 15 992 -17.1993 -97.4608
8.67384 -2.29585 6.68881
239 146 120
7 77 601 118.601 117.367 79 609 116.515 116.714 80 596 115.55 116.941 83 580 110.47 118.996 82 948 108.059 121.268 84 613 106.723 121.662 85 889 105.219 121.299
0.970609 3.41283 8.26105
181 65 43
4 24 517 94.1081 -96.7123 25 442 97.0804 -94.4883 23 528 91.7342 -99.1588 21 563 90.6392 -101.198
-2.61604 -0.32253 9.28985
91 18 11
27 42 204 -20.6948 48.3313 36 625 -17.7941 43.591 40 193 -19.5983 46.8492 41 189 -19.9394 47.4402 58 171 -40.9312 35.0341 53 183 -33.0136 39.9346 54 165 -33.9891 39.1952 55 135 -36.9082 37.5125 59 160 -41.0032 35.4764 48 151 -23.7493 44.6478 63 191 -41.9947 35.5159 65 174 -43.1336 35.2441 61 456 -49.2773 33.5062 70 72 -101.625 26.1368 64 467 -65.4386 27.5823 47 745 -19.8882 47.6106 38 1015 -17.2727 46.9159 48 670 -20.6271 46.2675 37 1032 -16.2185 45.808 54 694 -33.1337 39.5241 35 500 -12.7301 42.6859 69 543 -92.8242 28.6569 70 408 -99.8671 26.5362 71 441 -104.825 24.2215 76 136 -122.448 23.2628 83 164 -121.769 25.2908 17 674 6.82432 -29.983
-3.63493 0.285832 8.07327
210 26 20
3 1 472 -62.28 -45.1565 2 600 -32.201 -28.9305 0 405 -65.3794 -49.0212
-1.71876 4.13976 2.94268
255 94 79
5 54 993 -45.1595 -93.6893 57 1019 -54.6905 -101.649 53 1279 -44.2315 -93.2199 55 889 -48.6637 -96.9781 65 1027 -56.5771 -93.2512
9.03879 3.31332 5.43463
232 11 21
6 87 334 143.946 -51.5079 88 395 144.463 -46.8447 89 316 145.196 -56.697 84 400 149.185 -44.4912 86 370 146.352 -45.361 91 347 143.926 -67.3197
1.27123 0.391077 4.04657
226 144 108
22 53 1113 62.9514 53.7429 58 1061 51.6511 45.7827 43 1282 86.8372 66.9935 59 1254 51.6157 46.3168 44 1336 85.1396 66.6639 46 1339 84.0333 66.2689 42 1355 89.092 67.1178 47 1317 84.0051 64.3768 48 1239 82.8263 61.3006 41 1340 91.8442 65.4502 40 1346 94.7683 64.6079 39 1317 94.9349 64.1492 49 1002 79.502 59.0034 50 941 71.8806 57.8367 51 1181 67.7288 54.6038 52 972 66.7554 53.9546 58 1301 51.7095 45.7817 57 1081 52.8457 46.9646 63 1105 49.5285 46.3278 65 1115 47.1693 46.1232 60 890 45.8404 45.7233 61 787 42.4102 43.6846
-5.2373 -1.71289 5.59698
237 93 69
3 10 374 -110.963 -21.8362 12 385 -106.152 -22.1558 9 393 -116.719 -24.1382
0.781897 -5.69027 7.92356
255 195 177
3 18 36 159.923 111.446 6 34 154.14 118.818 4 31 147.744 118.604
4.13003 -0.102047 3.92735
255 130 106
3 79 657 -28.2555 54.3122 84 665 -33.4992 62.4969 80 642 -25.4852 54.9123
-1.41193 -0.143604 9.79522
147 11 0
6 11 419 35.485 -34.0955 14 407 38.9413 -38.1466 10 416 34.9617 -34.4171 12 425 37.0029 -34.7128 13 425 39.1051 -36.8596 9 441 35.0569 -35.1665
8.96058 3.37484 7.88264
132 38 28
7 74 1107 120.487 -39.0748 75 1115 120.837 -41.0305 78 1149 119.845 -40.5489 80 1121 114.663 -34.6017 76 1091 116.772 -39.1305 77 1104 114.39 -37.7922 79 1086 114.364 -36.781
9.64423 -1.00368 5.55049
249 234 191
4 86 29 160.896 104.34 87 473 159.606 109.866 85 28 161.502 103.638 88 28 159.182 106.208
-0.373931 -0.75119 10.4055
124 0 1
3 21 340 62.1352 -2.24827 23 302 63.1233 -1.30509 19 286 61.2518 -4.01142
-5.28642 -3.98119 6.67321
241 97 97
3 8 701 -92.0547 79.6425 17 93 -82.8083 74.9504 6 534 -87.415 82.0405
-3.87284 3.50816 7.48625
46 0 0
5 80 1283 -164.267 -58.0662 81 1318 -162.925 -56.1779 83 1244 -162.148 -53.3947 82 1242 -162.835 -52.3921 84 1248 -162.8 -51.7701
-5.89117 -3.31329 5.81931
228 130 111
5 22 99 -68.4182 79.9422 24 619 -64.3827 79.7211 23 650 -70.8433 78.9944 21 682 -73.2216 77.4204 19 570 -78.1474 73.6079
4.59353 4.30931 5.65418
232 63 44
7 66 1045 82.3974 -90.1734 67 1192 95.6485 -91.146 69 1188 57.5384 -85.2717 68 1058 67.6102 -84.9033 62 840 114.877 -77.4563 64 976 107.802 -87.1322 84 1390 8.56436 -82.4507
-4.95638 -3.07612 7.70799
199 69 59
8 12 219 -53.676 39.3841 14 211 -52.4541 34.3146 18 188 -54.4535 35.4656 9 239 -59.6357 39.8392 13 209 -52.5688 36.1236 8 226 -60.8433 40.9588 17 560 -56.6799 39.4026 6 149 -58.4171 44.4934
8.40161 3.3933 7.66632
82 5 2
6 82 1435 98.9691 -29.7787 83 1437 100.075 -30.6153 84 1409 97.111 -31.447 85 1329 96.2492 -30.7798 86 1325 94.7323 -30.879 88 1301 91.4884 -32.8074
-4.9661 -2.03137 4.97371
255 85 69
8 10 820 -122.569 -20.1722 12 837 -117.174 -20.1953 9 390 -130.316 -24.109 11 374 -117.612 -17.6061 18 801 -112.745 -26.0723 14 1091 -111.979 -28.04 13 1281 -111.648 -26.1693 8 400 -131.679 -22.5463
-4.19756 -4.67882 8.11431
72 58 47
14 74 979 -174.575 110.714 75 975 -178.432 111.597 76 575 -180.668 111.97 77 618 -183.446 112.499 78 616 -181.079 112.234 80 607 -183.844 111.755 79 617 -183.557 111.711 81 64 -183.304 113.397 83 596 -181.56 113.373 82 585 -181.416 113.467 84 40 -184.029 113.762 85 565 -185.662 113.692 86 28 -185.876 113.922 88 31 -184.723 112.435
0.62417 -2.91558 9.08538
249 117 100
4 13 1476 111.099 16.2711 14 1440 110.808 15.1641 17 1154 96.3682 18.228 4 1075 101.421 26.8601
0.044994 4.30374 2.68685
254 251 207
10 49 1162 40.8849 -116.651 52 920 29.0045 -113.851 54 1007 30.195 -105.475 55 897 26.3696 -108.686 59 1218 21.2038 -106.568 57 1263 20.636 -113.968 63 1256 19.3434 -102.509 53 1286 32.6116 -105.87 65 1263 16.6232 -104.037 60 1031 12.5583 -109.874
8.83903 -0.457275 6.62464
202 99 75
3 80 66 123.815 63.7432 84 662 116.219 68.6527 89 672 108.246 74.1097
-3.9455 1.63393 4.56498
236 212 178
3 24 1131 -15.7299 -113.426 23 1200 -24.8058 -113.635 21 1288 -27.5464 -116.749
1.03597 -0.564267 12.0717
152 64 55
3 6 1130 78.2025 -14.3798 4 1056 77.465 -11.1313 9 1357 78.8085 -18.0013
-0.51845 -4.61115 8.59804
81 1 0
14 25 810 92.7627 83.7076 22 988 87.3143 82.4202 21 1001 86.2022 81.8934 19 896 84.1795 80.572 23 643 87.1106 82.915 21 674 86.4102 82.0405 30 491 60.4164 108.757 26 470 93.6558 86.5946 25 526 89.3833 84.9003 10 1033 89.3396 72.402 6 542 87.057 76.8814 9 700 90.1904 73.6492 15 420 77.2819 75.4652 16 324 79.3958 78.6741
2.1146 4.51016 5.38257
255 69 57
13 69 745 -13.1709 -95.568 73 1111 -53.6564 -102.798 74 1174 -54.3255 -103.209 75 1187 -56.4153 -108.22 78 1214 -57.7743 -108.174 76 1144 -60.4808 -105.138 80 947 -60.5271 -101.332 77 924 -62.335 -103.196 79 907 -62.3941 -102.897 82 1140 -59.0098 -91.0442 81 1205 -56.4224 -96.7318 83 1128 -55.4813 -91.7552 84 938 -63.9339 -92.2261
10.5925 -0.404466 6.27292
243 132 115
6 85 593 178.198 79.7651 86 591 177.395 79.4421 87 491 176.009 80.9685 88 593 175.174 79.3645 89 429 179.306 84.1199 91 32 181.09 84.0288
-0.536754 -1.16592 10.2658
123 2 1
13 21 1323 61.7349 5.32832 23 1370 62.4018 6.10787 13 1366 60.3899 -15.4256 18 1346 58.6255 -15.3787 12 1402 57.9503 -13.2375 11 1389 58.1074 -12.3971 10 1350 57.6264 -12.5648 9 1273 59.0669 -12.8127 8 1274 59.309 -12.3594 17 1068 53.6608 -11.2333 6 1072 57.565 -8.63011 15 877 51.2589 -6.35607 5 519 46.5752 3.24693
9.23803 0.942566 7.58403
208 104 85
7 86 643 112.644 27.6996 87 527 110.223 28.1771 88 629 111.17 27.8165 89 466 109.894 28.2347 91 460 108.391 27.006 92 520 103.168 26.0474 90 510 95.7935 20.7061
0.809631 2.10537 9.19276
198 67 49
10 8 590 80.6876 -97.3931 9 956 79.3419 -97.4778 14 567 83.8381 -98.2123 17 413 78.5568 -90.9357 10 948 79.7321 -95.2152 18 1165 79.4284 -96.876 13 1190 81.9619 -98.0956 18 515 81.6762 -96.7307 20 496 71.2081 -100.006 45 991 65.2945 -96.6902
-4.31968 0.260704 4.51759
255 178 151
3 22 1283 -32.3291 -63.067 23 1158 -36.3115 -66.5305 21 1145 -38.0848 -68.427
-4.36413 -0.296326 6.03887
225 10 7
7 12 928 -62.8772 -71.1556 13 900 -59.8924 -76.1133 14 917 -59.3145 -77.3117 11 919 -64.3166 -68.4125 10 905 -66.5794 -71.0939 9 921 -69.8629 -74.303 8 934 -70.9965 -73.7293
1.72756 3.80374 7.64708
152 50 28
3 27 352 119.136 -103.874 28 259 112.821 -96.7973 26 411 121.992 -109.213
0.193632 -2.76477 6.08213
103 41 28
13 60 505 4.43115 112.03 61 7 0.47254 112.419 57 646 11.8949 114.327 58 633 11.7839 114.112 54 578 17.3573 115.537 63 24 7.85431 109.585 55 6 14.4451 114.574 59 20 9.11454 109.769 65 20 4.96841 108.728 52 4 20.605 118.818 53 7 20.6979 118.875 60 24 2.19147 108.575 54 8 19.5536 118.884
-5.20825 -2.23957 6.78179
188 15 8
5 23 1359 -40.5357 37.5446 4 964 -70.9842 24.9913 22 1235 -37.9249 37.5621 26 812 -24.2248 45.3096 28 669 -38.7385 59.5406
-2.30748 3.75981 1.43718
237 137 113
4 42 1534 -108.716 -126.341 59 1343 -117.585 -123.001 58 1394 -120.011 -128.523 65 1379 -121.35 -118.235
-4.19502 -2.23871 8.76484
87 6 1
7 25 181 0.94929 36.4279 26 159 4.25319 38.6491 22 234 -5.35963 33.9567 24 203 -3.22948 34.5451 23 210 -6.65583 33.0816 21 252 -7.41787 32.2083 19 630 -9.74883 30.2134
9.63094 -1.16564 6.39901
180 45 41
5 81 78 149.993 93.6218 82 33 144.906 96.4774 84 45 143.938 96.1787 89 408 138.873 103.774 91 648 138.545 106.965
-2.10911 1.79686 8.24688
121 32 17
87 28 186 33.0058 -40.7429 27 264 38.8724 -47.1923 24 428 34.1452 -57.8551 25 725 37.8256 -55.5287 22 872 32.3216 -58.7562 23 436 30.5607 -59.3518 21 471 29.6887 -60.7321 19 406 27.3388 -63.6506 13 928 17.8292 -94.7866 14 938 18.2688 -95.2973 18 907 16.9941 -93.9062 12 966 15.1241 -91.7328 11 964 13.8728 -90.0983 10 544 12.9563 -91.237 9 574 11.833 -92.8838 7 441 14.707 -67.8493 45 988 -16.6581 -92.9496 20 493 -17.1853 -93.1237 5 278 -13.8048 -86.4419 41 318 -13.0555 10.0578 42 339 -13.5519 11.0034 43 323 -14.5049 11.0603 44 872 -14.0048 11.0614 48 1107 -13.7182 7.29619 40 846 -11.2067 9.27134 39 1171 -11.7584 8.59855 38 1063 -12.1213 7.55792 37 731 -11.9172 5.91906 53 340 -25.7086 3.98158 59 788 -32.3683 -0.802868 41 317 -15.3308 10.0275 44 339 -17.6865 11.0659 46 316 -17.6169 10.5166 47 320 -17.4439 9.55386 48 280 -17.9932 7.2919 49 261 -19.992 5.68621 59 299 -35.9437 -0.627692 50 242 -24.1918 5.26768 51 243 -26.7135 3.7779 52 257 -27.2952 3.13167 54 284 -27.2402 2.87749 58 833 -36.7421 -1.09758 58 834 -32.7821 -1.26487 55 253 -29.7119 1.11269 57 822 -35.6521 -0.392889 57 827 -31.4307 -0.750289 36 711 -9.66503 3.80137 63 848 -32.3193 -0.41048 65 842 -39.7708 -0.0444062 65 846 -33.8433 -0.759031 60 259 -41.9248 -1.55079 60 676 -37.5302 -1.45991 35 578 -8.22929 1.19248 67 209 -70.8956 -14.5746 66 542 -76.0839 -13.8407 68 522 -84.9783 -11.9698 69 620 -94.2358 -11.3832 69 624 -90.454 -11.6073 38 721 -17.0817 7.72972 39 310 -16.5918 8.76986 70 492 -103.002 -14.0919 71 179 -109.146 -17.3571 72 577 -114.071 -17.562 73 753 -116.298 -17.4628 74 795 -114.458 -18.3915 74 793 -119.232 -17.7859 75 795 -116.737 -19.2046 75 1083 -122.072 -18.3161 78 823 -118.555 -18.8248 76 753 -120.019 -17.6327 80 1104 -126.222 -16.847 77 804 -124.274 -17.3101 79 787 -124.696 -17.9905 81 863 -119.032 -15.5642 81 1130 -124.736 -15.018 83 795 -122.962 -13.3645 83 796 -118.812 -13.9135 83 1047 -123.132 -13.2954 82 294 -119.592 -12.7704 82 1075 -125.294 -12.4032 84 295 -123.108 -13.5985 85 743 -125.408 -13.4902 86 274 -127.231 -12.8681 88 696 -132.75 -12.4791 87 597 -136.815 -12.5827 89 532 -140.105 -13.1036 91 520 -142.486 -13.9826
-4.86488 -5.58862 8.0607
178 97 86
3 25 1211 -7.2887 121.516 17 1174 -48.3409 123.759 16 881 -32.0044 118.878
1.71254 4.09887 4.77543
254 71 57
3 81 601 -80.666 -97.2528 84 552 -86.6709 -92.1736 85 855 -88.2388 -91.6431
0.614565 -0.399139 7.32084
233 77 65
11 12 921 110.412 -71.1353 13 1162 113.719 -74.754 14 908 113.347 -75.4601 18 871 110.238 -73.2003 11 916 109.04 -68.378 10 1164 109.305 -70.3794 9 1168 110.464 -73.8586 8 1186 110.731 -74.938 17 703 102.503 -63.526 15 552 100.573 -54.0278 4 589 107.867 -53.1307
7.90121 5.17557 6.29017
241 47 41
3 71 661 129.857 -109.003 75 937 116.771 -106.406 76 1142 112.006 -103.37
9.94081 0.77731 7.63572
95 1 0
13 72 752 153.86 20.4107 73 979 147.769 22.9698 75 1042 148.258 23.2046 78 1275 147.232 23.7809 76 1008 145.164 26.6447 77 1020 142.844 27.1096 79 999 141.232 26.7423 84 1029 134.668 33.7917 87 523 128.141 33.5823 89 456 128.55 34.131 91 458 127.543 32.9899 92 344 124.148 32.1198 90 507 123.12 27.9128
0.366901 -0.0705865 4.92655
104 1 0
12 41 706 50.3083 70.5683 49 619 40.4745 63.975 55 949 23.2507 54.8117 58 699 18.7065 54.5266 57 695 19.9273 54.9142 37 615 53.4039 65.4246 42 749 48.2572 71.3616 43 761 46.5005 71.8141 58 710 18.3437 50.63 36 584 56.0895 62.7408 63 718 16.8176 54.6162 60 556 12.2935 53.5321
-3.95111 -0.57111 9.02938
254 126 106
15 21 813 -5.13017 -3.60182 13 1109 -18.9098 -27.156 23 796 -4.74483 -2.79849 12 1132 -20.8339 -24.0286 9 1122 -24.3691 -24.6097 8 1136 -24.5969 -24.1317 39 153 -44.9215 52.7003 41 165 -44.7097 53.6229 42 180 -45.7596 54.2131 43 154 -46.7358 53.7372 6 874 -23.8601 -20.4265 7 732 -18.1861 -5.59772 10 821 -21.8291 -21.798 17 655 -21.4565 -20.9247 15 516 -19.9537 -15.5012
5.55093 1.37496 0.73984
152 24 13
2 84 317 83.6068 -17.8348 89 363 -163.532 -84.4499
-2.36408 0.5135 9.01174
177 56 59
62 1 470 -14.7447 -42.1067 2 375 1.77495 -31.0894 41 238 -15.8732 33.0201 42 257 -16.7663 34.148 43 228 -17.7321 34.0411 46 229 -18.8866 33.7762 47 241 -18.6637 32.9319 38 186 -16.5022 31.7557 48 195 -19.537 30.7599 49 170 -21.0886 29.2498 37 191 -15.2944 30.3863 50 174 -25.6371 28.1652 59 218 -36.8339 21.5401 51 164 -27.876 27.0209 52 167 -28.3426 26.477 54 206 -29.742 25.6154 58 223 -36.9267 21.4764 57 223 -35.8264 21.6853 36 178 -13.4844 29.1349 35 159 -11.9535 26.799 74 203 -114.393 7.31812 61 145 -45.0514 19.7746 62 402 -52.7011 16.0254 68 108 -85.033 13.6614 69 143 -91.4521 13.6004 70 109 -99.3768 11.1307 73 172 -112.971 8.10535 75 193 -115.863 6.95492 78 178 -117.699 7.38936 80 199 -120.448 8.1904 83 219 -118.742 10.8349 89 128 -137.238 12.9142 26 290 35.453 -21.1028 25 677 32.5031 -24.2446 24 781 29.2946 -25.8533 29 400 17.4454 -4.10462 28 405 23.9778 -8.92378 22 802 27.5057 -26.8067 23 837 26.2741 -27.4095 21 852 24.9315 -29.3151 19 732 23.1007 -31.7215 13 1148 15.9605 -56.334 14 891 16.7176 -56.771 18 858 15.2125 -55.5127 12 1166 13.4407 -53.5237 11 1168 12.1966 -52.0451 10 1150 11.7043 -52.7097 9 894 11.2824 -53.9678 8 905 11.3642 -53.4395 17 875 12.1637 -50.4875 6 700 11.6311 -49.3811 7 985 13.4907 -33.4915 15 713 12.5399 -45.0985 16 444 17.3111 -37.1386 3 775 9.59019 -30.6437 45 1072 -13.1242 -43.5718 20 711 -13.5986 -42.6514 34 969 -14.1195 -44.0118 5 460 -13.5143 -40.4701 4 782 13.5174 -41.7314 56 894 -10.7207 -43.5486 0 346 -16.332 -45.7608
10.2107 0.240866 6.3989
246 135 126
11 82 94 163.574 55.6074 83 103 164.487 53.9447 86 80 160.857 55.3382 88 86 158.352 54.4873 87 63 158.468 55.2298 89 61 159.434 55.5487 91 446 163.049 59.418 85 79 164.7 58.9961 86 78 165.155 59.6294 92 333 161.036 57.2233 84 101 167.701 60.4886
0.303785 -3.84202 9.17195
178 75 60
3 3 855 90.6592 59.5712 7 1086 95.9823 60.7131 4 954 98.0012 52.2033
2.03982 4.39102 3.81955
226 179 137
7 52 1251 96.3541 -90.4332 59 1334 84.7051 -84.7553 58 1380 84.6211 -89.3889 57 1352 86.8332 -90.5815 63 1356 82.5647 -81.3936 65 1370 80.3628 -82.1698 60 1140 78.4543 -87.2924
9.80426 3.78548 6.70753
222 9 11
